0 0 0 0 0 0.65902472844924 0 0 0 0 0 0 0.604021261844211 0 0 0 0 0 0 0 0 0 0.0403050612433347 0 0 0.632170094753862 0.604067483244746 0.637346891610802 0 0 0 0 0 0 0.597272937369991 0 0.0258377628842145 0
0 0 0 0.0614513519759748 0 0 0 0 0 0 0.0159926045759168 0.539681072336466 0 0.468130344349402 0 0 0 0 0 0 0 0.0067483244742204 0 0 0 0 0 0 0 0 0 0 0 0 0 0 0 0
0 0 0 0 0.0287034897157173 0 0 0 0 0.00503813265538476 0 0 0 0 0 0.0642801016870903 0.0721978275941488 0.0729050150219405 0 0 0 0 0 0 0 0 0 0 0 0 0.0763022879592927 0.0789137970880559 0.0897480933672267 0 0 0 0 0
0 0.124437254448792 0 0 0 0 0.235303905708317 0 0 0 0.279648717356118 0.0985532701640931 0 0.106877744395668 0 0 0 0 0 0.100947538710401 0 0.285870117864563 0 0 0 0 0 0 0 0 0 0 0 0.174786226022634 0 0.156746013404219 0 0
0 0 0 0 0 0 0 0 0 0.498266697480948 0 0 0 0 0 0.356870811185583 0 0 0 0 0 0 0 0 0 0 0 0 0 0 0.297832216316161 0.0122024497342187 0.023249364455719 0 0 0 0 0
0.741298821354261 0 0 0 0 0 0 0 0 0 0 0 0.589969956089653 0 0 0 0 0 0 0 0 0 0.572683152299514 0 0 0.663277097296036 0.81298821354288 0.666697480933656 0 0 0 0 0 0 0.572775595100534 0 0.630459902935027 0
0 0.0481349664894477 0 0.280688698867549 0 0 0 0 0 0.0112318003235393 0.293496648948443 0.0394730760342102 0 0.032817194360958 0 0 0 0 0 0.208333718511651 0 0.291823434250046 0 0 0 0 0 0 0 0 0 0 0 0.251865033510522 0 0.239269701871957 0 0
0 0 0.0982898081811541 0 0 0 0 0 0.250043910330473 0 0 0 0 0 0.374226947076474 0 0.104820892073022 0.0787520221862846 0.250025421770279 0 0.158913797088027 0 0 0.434065172174706 0.434106771435168 0 0 0 0 0 0 0.0466373931129929 0.0319852091518336 0 0 0 0 0
0 0 0.0355442569909572 0 0 0 0 0.393427316847681 0 0 0 0 0 0 0.540189507742099 0 0.0373006702102769 0.0287034897157173 0.433334874046698 0 0.280184885602041 0 0 0.555442569909859 0.602819505431008 0 0 0 0 0 0 0.0198752022186344 0.0166397041830022 0 0 0 0 0
0 0 0 0 0.523919574763123 0 0 0 0 0 0 0 0 0 0 0.304867113473537 0 0 0 0.0318927663508141 0 0 0 0 0 0 0 0 0 0 0.229729604807008 0 0 0.0118326785301406 0 0.0147446267621788 0 0
0 0.0711670903628144 0 0.381289577074191 0 0 0.320420614744624 0 0 0 0 0.0539449965334045 0 0.0528772821816315 0 0 0 0 0 0.167561821123145 0 0.367413912641524 0 0 0 0 0 0 0 0 0 0 0 0.247903859486955 0 0.225546568061016 0 0
0 0.319154148370692 0 0.0413681534550336 0 0 0 0 0 0 0.0171943609891194 0 0 0.314850935983338 0 0 0 0 0 0 0 0.0123411139357223 0 0 0 0 0 0 0 0 0 0 0 0 0 0 0 0
0.482505199907554 0 0 0 0 0.452918881442103 0 0 0 0 0 0 0 0 0 0 0 0 0 0 0 0 0.00573145366305689 0 0 0.4702565287728 0.431347353824804 0.474508897619596 0 0 0 0 0 0 0.452174716893924 0 0.0168245897850412 0
0 0.454176103535938 0 0.0536907788305623 0 0 0 0 0 0 0.00323549803558091 0.553270164085977 0 0 0 0 0 0 0 0 0 0 0 0 0 0 0 0 0 0 0 0 0 0 0 0 0 0
0 0 0.149581696325385 0 0 0 0 0.0515692165472385 0.0723226253755328 0 0 0 0 0 0 0 0.163249364455746 0.130829674139105 0.0750034666050478 0 0.0262075340882926 0 0 0.317064941067682 0.270478391495247 0 0 0 0 0 0 0.0881534550496783 0.0633926507972823 0 0 0 0 0
0 0 0 0 0.430191818812086 0 0 0 0 0.346360064709955 0 0 0 0 0 0 0 0.0377166628148905 0 0 0 0 0 0 0 0 0 0 0 0 0.307820660966037 0.0519389877513166 0.050432170094765 0 0 0 0 0
0 0 0.120577767506342 0 0.0153455049687801 0 0 0 0 0.000115553501235925 0 0 0 0 0 0.0465403281719506 0 0.116990986826876 0 0 0 0 0 0 0 0 0 0 0 0 0.0547076496417771 0.095082042985915 0.0903304830136343 0 0 0 0 0
0 0 0.116658192743237 0 0.0246360064709606 0 0 0 0 0.00443725444878348 0 0 0 0 0 0.0525860873584533 0.127187427779059 0 0 0 0 0 0 0 0 0 0 0 0 0 0.0644742315692262 0.0975225329327587 0.0999999999999897 0 0 0 0 0
0 0 0.074166859255798 0 0 0 0 0.278396117402357 0.318423850242633 0 0 0 0 0 0.41852553732379 0 0.0809475387104343 0.0617795239195403 0 0 0.20464525075107 0 0 0.471180956782995 0.47621908943838 0 0 0 0 0 0 0.0395655188352298 0.0300901317309589 0 0 0 0 0
0 0.00614744626761912 0 0.0693459671828169 0 0 0.203489715738351 0 0 0.0577675063554158 0.158405361682445 0.00526923965795925 0 0.000767275248446702 0 0 0 0 0 0 0 0.132502888837502 0 0 0 0 0 0 0 0 0 0 0 0.308440027732832 0 0.342047608042504 0 0
0 0 0.127363069101001 0 0 0 0 0.0671458285185931 0.0856297665819118 0 0 0 0 0 0.251176334642923 0 0.128042523688451 0.104284723827099 0.0848671134735392 0 0 0 0 0.375775363993538 0.35015946383175 0 0 0 0 0 0 0.0640212618442254 0.0451120868961963 0 0 0 0 0
0 0.0944534319389719 0 0.320166397041833 0 0 0.193575225329302 0 0 0 0.22403512826439 0.0791125491102146 0 0.0832216316154326 0 0 0 0 0 0.0996487173561053 0 0 0 0 0 0 0 0 0 0 0 0 0 0.13088976195976 0 0.115548879131003 0 0
0.380508435405574 0.0146984053616947 0 0 0 0.296644326323078 0 0 0 0 0 0.0262999768893121 0.346868500115537 0.0191818812109623 0 0 0 0 0 0 0 0 0 0 0 0.349900623988885 0.284233880286553 0.360942916570362 0 0 0 0 0 0 0.331388953085276 0 0.314952623064455 0
0 0 0.0216316154379542 0 0 0 0 0 0 0 0 0 0 0 0.0278252831060574 0 0.0261613126877572 0.0170094753870803 0 0 0 0 0 0 0.120004622140031 0 0 0 0 0 0 0.00868962329557921 0.00554656806101783 0 0 0 0 0
0 0 0.148375317772109 0 0 0 0 0.0347584931823169 0.0534180725675778 0 0 0 0 0 0.12329096371617 0 0.162061474462663 0.137434712271748 0.0448809798936731 0 0.011555350127082 0 0 0.290986826900847 0 0 0 0 0 0 0 0.0907880748786579 0.0668315229951472 0 0 0 0 0
0.633602958169639 0 0 0 0 0.668962329558558 0 0 0 0 0 0 0.604391033048289 0 0 0 0 0 0 0 0 0 0.0145135197596556 0 0 0 0.584839380633249 0.617517910792703 0 0 0 0 0 0 0.591865033510528 0 0.0235266928587775 0
0.72525999537786 0 0 0 0 0.841090825051996 0 0 0 0 0 0 0.596533394961834 0 0 0 0 0 0 0 0 0 0.518373006702106 0 0 0.672428934596713 0 0.671550727987053 0 0 0 0 0 0 0.588444649872856 0 0.631245666743718 0
0.639796625837743 0 0 0 0 0.688097989369087 0 0 0 0 0 0 0.604113704645231 0 0 0 0 0 0 0 0 0 0.0140050843540226 0 0 0.611878899930666 0.60166397041829 0 0 0 0 0 0 0 0.590570834296254 0 0.0290732609197954 0
0 0 0 0 0 0 0 0.920314305523475 0.832678530159475 0 0 0 0 0 0.859949156459415 0 0 0 0.89956089669518 0 0.941483706956331 0 0 0.243106078114139 0.812710885139821 0 0 0 0 0.769355211462893 0 0 0 0 0 0 0 0.86947076496417
0 0 0 0 0 0 0 0.831707880748796 0.696417841460588 0 0 0 0 0 0.832354980355881 0 0 0 0.784654495031189 0 1 0 0 0.202560665588133 0.745828518604116 0 0 0 0.434250057776745 0 0 0 0 0 0 0 0 0.755858562514452
0 0 0.0283337185116391 0 0.422218627224395 0 0 0 0 0.232345736075794 0 0 0 0 0 0.375308527848366 0.0273168477004756 0.0345736075802778 0 0 0 0 0 0 0 0 0 0 0 0 0 0.0377166628148905 0.0431245666743534 0 0 0 0 0
0 0 0.0958493182343104 0 0.0269932978969329 0 0 0 0 0.00311532239427091 0 0 0 0 0 0.077850704876357 0.0911624682227588 0.103489715738362 0 0 0 0 0 0 0 0 0 0 0 0 0.0920175641322022 0 0.147205916339271 0 0 0 0 0
0 0 0.0402588398428506 0 0.0571111624682336 0 0 0 0 0.00873584469606332 0 0 0 0 0 0.11557198983127 0.0271319620984366 0.0600785763808527 0 0 0 0 0 0 0 0 0 0 0 0 0.125652877282165 0.125250751097722 0 0 0 0 0 0
0 0.0100762653108208 0 0.193723133810954 0 0 0.359052461289562 0 0 0.0107695863184417 0.318793621446711 0.00845851629305605 0 0.00531546105844335 0 0 0 0 0 0.390686387797562 0 0.297822972036065 0 0 0 0 0 0 0 0 0 0 0 0 0 0.408846776057287 0 0
0.502426623526673 0 0 0 0 0.492581465218375 0 0 0 0 0 0 0.469147215160617 0 0 0 0 0 0 0 0 0 0.0121562283336833 0 0 0.491379708805173 0.480702565287699 0.495585856251433 0 0 0 0 0 0 0 0 0.029350589322854 0
0 0.00716431707878263 0 0.171217933903362 0 0 0.321714813958846 0 0 0.0108620291194612 0.275613589091725 0.00348509359829772 0 0 0 0 0 0 0 0.417476311532211 0 0.261400508435396 0 0 0 0 0 0 0 0 0 0 0 0.383415761497538 0 0 0 0
0.691518373006707 0 0 0 0 0.835636699791997 0 0 0 0 0 0 0.525583545181424 0 0 0 0 0 0 0 0 0 0.822001386642002 0 0 0.617333025190664 0.788906863877985 0.62588398428474 0 0 0 0 0 0 0.505107464756188 0 0 0
0 0 0 0 0 0 0 0.966813034434913 0.867252137739753 0 0 0 0 0 0.847284492720099 0 0 0 0.939311301132398 0 0.994730760342041 0 0 0.283757799861336 0.742315692165476 0 0 0 0.956505662121569 0.530852784839383 0 0 0 0 0 0 0 0
